res://SingleMain.tscn,0|10|0,-26|10|0,-26|20|-26,1,2,1,10,-10|2|-10
res://SingleMain.tscn,0|10|0,0|2|4,-26|20|-26,2,2,2,15,-10|2|-10,-10|2|10
res://SingleMain.tscn,0|10|0,0|2|4,-26|20|-26,3,3,3,20,-10|2|-10,-10|2|10,10|2|10
res://SingleMainIce.tscn,0|10|0,0|2|6,0|2|2,4,5,3,25,-10|2|-10,-10|2|10,10|2|10,10|2|-10
res://SingleMainIce.tscn,0|10|0,0|2|6,0|2|2,5,5,3,30,-10|2|-10,-10|2|10,10|2|10,10|2|-10,5|2|-10
res://SingleMainIce.tscn,0|10|0,0|2|6,0|2|2,5,7,4,35,-10|2|-10,-10|2|10,10|2|10,10|2|-10,5|2|-10
res://SingleMainFire.tscn,0|2|0,0|2|6,0|2|2,5,10,5,40,-10|1|-10,-10|1|10,10|1|10,10|1|-10,5|1|-10
res://SingleMainFire.tscn,0|2|0,0|2|6,0|2|2,5,15,6,45,-10|1|-10,-10|1|10,10|1|10,10|1|-10,5|1|-10
res://SingleMainFire.tscn,0|2|0,0|2|6,0|2|2,6,25,7,50,-10|1|-10,-10|1|10,10|1|10,10|1|-10,5|1|-10,5|1|-10
res://SingleMainFire.tscn,0|2|0,0|2|6,0|2|2,10,40,8,100,-10|1|-10,-10|1|10,10|1|10,10|1|-10,5|1|-10,5|1|10,-5|1|-10,-5|1|10,-5|1|-5,-5|1|5
